922.0 537.0 928.0 537.0 922.0 620.0 928.0 620.0 1 0
1354.0 34.0 1381.0 34.0 1354.0 126.0 1381.0 126.0 2 0
253 495 263 497 255 562 245 560 1 0
779 367 768 367 760 271 771 270 1 0
1150 752 1143 755 1118 673 1125 671 1 0
381 686 371 691 345 630 356 625 1 0
320 826 310 828 296 759 307 757 1 0
466 784 452 789 421 715 435 709 1 0
579 1066 569 1070 546 1004 556 1000 1 0
1334 971 1324 974 1291 883 1301 879 1 0
1590 740 1583 743 1542 660 1549 656 1 0
1763 741 1771 743 1747 828 1740 825 1 0
1837 645 1816 724 1806 722 1826 643 1 0
1858 560 1869 564 1845 638 1834 634 1 0
1833 421 1841 422 1829 497 1822 495 1 0
707 264 698 264 693 185 702 185 1 0
699 263 688 264 680 183 691 182 1 0
665 825 653 828 636 744 648 742 1 0
892 764 881 765 867 677 878 675 1 0
533 961 519 965 494 885 509 881 1 0
927 0 934 1 931 38 924 38 1 0
1766 339 1757 345 1696 257 1705 250 1 0
1788 623 1778 628 1737 548 1747 542 1 0
1411 832 1403 833 1394 749 1403 748 1 0
999 530 990 532 981 447 990 446 1 0
480 520 474 520 461 435 467 434 1 0
388 562 380 565 352 492 360 489 1 0
223 253 211 258 183 181 195 177 2 0
240 698 217 703 203 634 226 629 2 0
326 947 299 958 270 890 298 878 2 0
319 323 309 326 289 256 299 253 2 0
440 67 472 76 449 158 418 149 2 0
844 127 824 133 796 37 817 31 2 0
983 39 1015 43 1005 138 972 134 2 0
951 272 932 275 919 184 938 181 2 0
906 336 941 344 923 431 888 424 2 0
846 655 817 655 816 569 846 568 2 0
748 486 735 489 712 397 725 394 2 0
1031 809 1013 811 999 712 1017 710 2 0
556 792 531 811 469 724 494 706 2 0
587 755 573 758 557 678 572 676 2 0
702 1059 674 1063 662 987 690 982 2 0
855 1072 842 1079 798 999 812 992 2 0
999 1029 963 1037 942 933 978 926 2 0
855 965 840 968 813 865 828 861 2 0
1267 853 1253 856 1232 765 1246 762 2 0
1415 585 1448 585 1448 675 1415 675 2 0
1502 712 1487 715 1466 612 1482 609 2 0
1442 734 1463 734 1463 802 1442 802 2 0
1474 888 1498 889 1496 980 1472 979 2 0
1467 965 1448 973 1408 876 1426 868 2 0
1423 1045 1393 1048 1384 962 1415 959 2 0
1516 1005 1539 1007 1535 1078 1512 1077 2 0
1634 926 1626 927 1610 838 1618 837 2 0
1557 765 1577 765 1577 884 1557 884 2 0
1641 464 1706 468 1701 544 1636 541 2 0
1208 546 1183 563 1137 494 1161 477 2 0
1177 472 1160 474 1147 386 1164 384 2 0
1283 500 1267 503 1248 424 1264 420 2 0
1336 440 1311 450 1282 371 1308 362 2 0
1313 643 1276 650 1261 571 1298 564 2 0
1358 232 1398 234 1393 308 1353 306 2 0
1208 337 1190 342 1164 261 1183 255 2 0
1305 665 1331 668 1321 772 1294 770 2 0
1579 597 1550 602 1526 485 1556 480 2 0
1259 1042 1277 1042 1277 1079 1259 1079 2 0
1171 47 1212 136 1199 142 1158 53 2 0
437 409 428 419 364 352 374 343 2 0
646 403 630 405 623 309 639 307 2 0
419 1065 400 1067 393 977 412 975 2 0
441 405 432 409 393 333 402 329 1 0
503 285 495 285 494 198 501 198 1 0
507 330 497 333 475 242 484 240 1 0
501 334 487 339 460 260 474 255 2 0
178 789 153 792 143 718 168 714 2 0
478 923 462 929 427 840 444 834 2 0
397 1006 382 1010 354 928 368 923 1 0
496 1077 488 1079 467 1019 476 1017 1 0
741 728 728 730 717 639 730 638 1 0
784 773 765 783 761 775 779 765 1 0
891 809 897 811 870 898 864 896 1 0
834 799 823 802 805 713 815 711 1 0
823 803 815 805 797 721 805 719 1 0
1091 886 1078 888 1071 799 1084 798 1 0
1298 755 1290 756 1273 672 1281 671 1 0
1643 921 1633 922 1620 829 1629 828 1 0
1714 775 1733 775 1733 858 1714 858 2 0
1583 334 1592 335 1583 423 1574 422 1 0
1570 339 1579 340 1574 424 1565 423 1 0
1738 340 1763 343 1748 448 1723 445 2 0
1781 263 1761 263 1759 159 1779 159 2 0
1455 451 1438 455 1419 359 1436 355 2 0
1474 131 1484 131 1477 219 1467 219 1 0
1472 257 1443 260 1434 160 1463 158 2 0
1760 133 1708 161 1664 81 1716 53 2 0
1219 1040 1209 1042 1199 959 1209 958 1 0
1210 1048 1204 1050 1189 975 1195 974 1 0
331 111 379 111 379 230 331 230 4+ 0
138 335 192 335 192 428 138 428 3 0
498 570 531 570 531 654 498 654 3 0
549 431 600 431 600 527 549 527 4+ 0
713 649 682 655 663 562 694 556 3 0
772 387 803 398 769 492 739 481 3 0
969 319 1055 319 1055 398 969 398 3 0
1039 691 1018 693 1009 605 1030 603 3 0
1133 963 1108 968 1089 864 1114 860 3 0
1115 1075 1102 1079 1086 1029 1100 1024 1 0
741 946 723 948 711 846 729 844 3 0
645 949 623 960 583 872 605 862 3 0
521 98 590 98 590 184 521 184 3 0
637 42 664 45 653 140 626 137 3 0
1091 232 1068 235 1057 132 1081 130 3 0
1551 134 1527 135 1523 35 1547 34 3 0
1522 253 1595 303 1571 339 1498 289 3 0
1615 159 1646 159 1646 250 1615 250 3 0
1370 424 1436 424 1436 564 1370 564 3 0
1724 742 1675 746 1665 639 1713 634 3 0
1681 1051 1650 1064 1609 965 1639 952 3 0
1295 131 1307 132 1305 223 1293 222 1 0
1297 229 1277 232 1260 130 1280 127 2 0
1081 0 1113 0 1113 75 1081 75 3 0
