imagesource:GoogleEarth
gsd:0.115726939386
298 114 309 120 262 218 251 213 1 0
276 100 295 108 256 208 237 201 1 0
411 17 452 45 387 140 346 112 2 0
197 150 209 154 172 251 161 247 1 0
151 304 178 315 129 427 103 416 2 0
359 148 372 154 329 255 317 249 1 0
552 46 570 58 508 148 491 136 2 0
517 45 528 49 488 149 477 145 1 0
321 267 335 269 323 356 310 355 1 0
263 281 278 289 222 392 207 383 1 0
446 294 457 300 413 384 401 378 1 0
577 178 591 187 541 264 527 255 1 0
423 419 438 429 369 529 354 519 1 0
362 442 375 451 319 534 306 524 1 0
318 410 330 415 286 508 274 503 1 0
563 508 521 588 510 582 552 502 1 0
575 548 586 555 529 633 519 625 1 0
328 563 340 569 301 649 289 643 1 0
189 436 204 443 162 529 148 521 1 0
668 614 678 623 608 708 598 699 1 0
541 354 493 453 479 446 527 348 1 0
567 355 511 433 504 427 560 350 1 0
943 66 953 73 900 154 889 147 1 0
882 240 892 247 837 328 827 322 1 0
803 430 812 438 755 507 746 499 1 0
693 200 705 208 650 288 639 279 1 0
1127 460 1136 467 1074 538 1066 530 1 0
693 44 708 58 640 129 625 115 2 0
836 113 862 127 815 214 789 199 2 0
984 440 1013 454 965 553 936 538 2 0
1086 360 1129 382 1085 466 1042 444 2 0
886 463 906 484 836 552 816 531 2 0
803 343 742 438 718 422 778 327 2 0
676 370 619 435 594 414 650 348 2 0
480 185 433 259 410 244 456 170 2 0
777 575 795 586 743 671 726 661 2 0
796 17 756 83 728 67 768 1 2 0
1044 60 963 120 943 93 1024 33 3 0
230 534 197 633 183 629 216 530 1 0
669 193 638 284 625 280 656 189 1 0
218 503 199 594 187 591 207 500 1 0
1008 337 966 419 931 401 972 319 2 0
690 531 665 621 631 612 656 522 2 0
678 186 686 190 647 270 639 266 1 0
1073 97 1094 152 1014 183 993 128 3 0
961 224 994 253 919 342 885 313 3 0
1361 638 1306 730 1274 710 1330 619 3 0
476 590 408 674 371 644 439 560 3 0
1024 599 952 644 930 610 1002 564 3 0
1167 12 1109 109 1098 102 1156 5 1 0
1303 125 1252 197 1244 192 1295 119 1 0
1472 41 1440 89 1429 82 1461 34 1 0
1671 550 1616 623 1609 618 1663 545 1 0
1799 427 1719 487 1712 478 1792 418 1 0
1758 400 1679 502 1669 494 1747 391 1 0
1454 497 1412 580 1386 567 1428 484 1 0
1643 313 1589 396 1578 389 1631 306 1 0
1567 597 1487 649 1482 640 1562 589 1 0
1225 314 1165 387 1158 381 1217 308 1 0
1185 198 1141 284 1121 273 1164 188 2 0
1581 187 1510 247 1483 215 1553 154 2 0
1311 246 1272 323 1245 310 1283 232 2 0
1431 315 1387 400 1363 388 1406 303 2 0
1328 374 1269 448 1241 426 1299 352 2 0
1357 513 1333 582 1288 567 1312 497 2 0
1605 425 1530 488 1514 468 1588 405 2 0
1516 294 1538 310 1475 400 1453 384 2 0
1216 41 1230 48 1182 144 1168 138 1 0
1203 469 1214 475 1168 561 1156 555 1 0
1126 614 1134 620 1077 704 1068 698 1 0
1130 721 1140 728 1087 799 1077 791 1 0
1211 490 1224 499 1176 572 1163 563 1 0
1114 601 1126 609 1076 689 1063 681 1 0
800 761 822 772 782 855 760 844 2 0
907 640 919 648 875 725 862 718 1 0
886 632 905 642 854 734 835 723 2 0
1450 627 1460 634 1406 715 1396 709 1 0
1436 624 1444 628 1414 687 1406 682 1 0
1388 160 1399 165 1346 260 1336 254 1 0
1402 168 1428 185 1370 272 1345 255 2 0
1556 14 1584 30 1515 147 1487 131 2 0
1714 369 1730 379 1664 483 1647 472 2 0
1708 223 1608 312 1572 271 1672 182 3 0
1674 81 1685 90 1615 183 1604 175 1 0
1726 530 1753 542 1694 677 1668 666 3 0
905 0 912 5 870 55 864 49 1 0
1781 687 1813 729 1719 798 1688 757 2 0
1673 997 1685 1006 1640 1074 1628 1066 1 0
1681 707 1643 783 1633 778 1671 702 1 0
1690 781 1698 787 1644 860 1636 853 1 0
1124 969 1132 973 1087 1054 1079 1049 1 0
715 859 743 863 735 942 707 939 2 0
841 964 856 972 796 1079 782 1070 1 0
623 933 634 939 586 1027 575 1020 1 0
564 808 576 811 555 905 543 902 1 0
983 776 994 784 930 873 919 866 1 0
928 795 939 798 908 896 896 893 1 0
1445 980 1456 984 1425 1055 1415 1051 1 0
1529 861 1551 873 1508 952 1486 939 2 0
324 679 335 683 297 761 287 756 1 0
292 871 303 872 296 944 285 942 1 0
226 965 236 968 217 1024 207 1020 1 0
431 748 445 752 418 844 404 840 1 0
422 862 434 865 414 947 402 944 1 0
673 715 682 721 629 807 620 801 1 0
208 744 228 749 209 831 189 827 2 0
537 711 556 715 537 806 518 803 2 0
288 996 312 1001 296 1079 272 1075 2 0
465 937 478 941 450 1016 437 1012 2 0
448 875 467 883 426 975 407 966 2 0
824 902 853 920 793 1014 765 997 2 0
689 1005 704 1017 656 1078 640 1066 2 0
964 944 986 953 947 1045 925 1035 2 0
1384 755 1397 789 1312 823 1298 788 2 0
1242 936 1268 964 1193 1036 1167 1009 2 0
1096 851 1120 863 1070 964 1046 952 2 0
1067 849 1080 851 1060 948 1047 946 1 0
1363 893 1374 898 1337 985 1325 979 1 0
1384 910 1396 919 1344 989 1332 980 1 0
1480 745 1513 765 1461 851 1428 831 3 0
589 888 615 898 579 991 554 982 2 0
1240 815 1263 831 1207 908 1185 891 2 0
1620 687 1635 727 1553 759 1538 719 2 0
1706 932 1601 979 1575 922 1680 875 3 0
160 683 197 703 145 799 108 778 2 0
1823 196 1830 213 1711 263 1704 246 2 0
