imagesource:GoogleEarth
gsd:0.115726939386
330 131 241 180 220 141 308 92 2 0
418 69 445 96 366 173 339 145 2 0
587 17 521 72 507 54 572 0 1 0
661 80 567 131 550 99 644 48 2 0
560 145 504 202 468 167 524 110 2 0
419 209 461 244 393 324 351 289 2 0
328 286 247 354 230 334 311 265 1 0
240 229 278 264 202 348 163 312 3 0
203 397 135 461 112 437 180 372 2 0
137 553 169 567 131 653 99 638 2 0
227 633 252 648 198 739 173 723 1 0
230 831 189 912 154 895 196 813 2 0
344 415 262 517 231 492 313 390 2 0
308 515 265 585 249 576 292 506 1 0
401 579 318 647 298 623 381 555 2 0
440 366 377 431 360 415 424 351 1 0
527 206 545 218 492 296 474 283 1 0
637 219 559 271 544 248 623 197 2 0
518 358 542 383 463 460 438 436 2 0
801 105 719 150 707 128 789 82 1 0
774 230 706 289 690 270 758 211 1 0
664 321 582 365 568 338 650 294 2 0
609 399 627 408 588 487 569 479 1 0
488 451 523 468 480 560 444 544 2 0
473 572 501 598 434 671 406 645 2 0
721 390 746 412 680 485 655 464 2 0
632 575 561 635 537 605 607 546 2 0
742 530 685 588 670 572 726 514 1 0
813 258 836 278 776 350 753 330 2 0
958 50 981 75 920 134 896 109 2 0
918 150 953 174 897 257 861 232 2 0
897 374 821 437 798 409 873 345 2 0
985 235 1004 246 960 321 942 310 2 0
1014 261 1023 270 956 336 947 326 1 0
812 449 843 463 803 550 773 536 2 0
951 450 970 466 908 538 890 521 2 0
929 433 943 440 905 516 891 509 1 0
608 656 549 715 535 701 593 641 1 0
470 733 389 777 374 749 455 706 3 0
318 737 346 750 313 824 285 811 2 0
325 912 274 981 258 969 309 900 1 0
371 889 385 899 327 982 314 972 1 0
545 899 484 963 467 947 529 883 1 0
565 793 487 873 459 844 536 765 3 0
436 987 483 1015 445 1079 397 1051 3 0
613 1041 566 1078 548 1055 595 1018 2 0
664 809 678 820 629 876 616 864 1 0
744 851 769 868 707 957 683 940 2 0
763 1024 694 1062 677 1029 745 992 2 0
849 883 879 909 819 977 789 951 3 0
790 730 815 751 755 823 729 801 2 0
699 697 627 767 601 741 674 671 2 0
795 592 822 610 764 695 738 677 2 0
1053 114 996 170 977 150 1034 95 1 0
1137 144 1161 167 1082 250 1058 227 2 0
1139 235 1150 249 1081 305 1069 290 1 0
1050 328 1064 346 992 404 977 386 1 0
1123 496 1034 533 1022 505 1111 467 2 0
908 569 940 586 892 674 860 657 2 0
881 744 908 766 850 835 823 812 2 0
1027 588 1049 611 976 685 953 663 2 0
1072 737 1005 796 991 780 1057 720 1 0
1126 634 1145 644 1097 730 1079 719 1 0
1243 583 1165 650 1134 614 1213 547 3 0
1178 729 1198 744 1141 812 1122 797 1 0
1339 694 1262 773 1223 734 1299 656 2 0
1267 824 1202 860 1189 835 1254 800 1 0
1143 344 1171 374 1094 447 1065 417 2 0
1239 204 1268 228 1205 302 1177 278 3 0
1283 63 1201 131 1169 93 1251 25 3 0
1398 54 1418 85 1331 140 1312 109 2 0
1126 29 1055 69 1039 40 1109 0 2 0
1279 344 1302 360 1249 438 1225 423 2 0
1243 454 1187 513 1171 498 1228 440 1 0
1281 463 1294 481 1218 535 1205 518 1 0
1420 224 1350 283 1335 264 1404 206 1 0
1419 200 1335 255 1314 222 1397 168 2 0
1539 92 1460 146 1435 107 1513 54 2 0
1430 308 1371 368 1350 348 1409 287 2 0
1415 579 1320 618 1307 588 1402 548 2 0
1429 599 1349 634 1341 615 1421 581 1 0
1538 345 1454 390 1438 360 1521 315 3 0
1555 184 1479 235 1468 220 1544 168 1 0
1590 224 1509 249 1505 234 1585 209 1 0
1578 208 1509 238 1502 219 1570 190 1 0
1661 343 1597 409 1573 387 1637 321 2 0
1490 470 1428 521 1413 503 1475 451 1 0
1443 409 1372 468 1361 455 1432 396 1 0
1448 437 1384 472 1374 456 1438 421 1 0
1595 484 1537 544 1521 530 1580 469 2 0
1593 533 1603 546 1535 599 1524 586 1 0
1523 658 1470 725 1451 710 1503 643 2 0
1429 768 1372 827 1344 799 1402 741 2 0
1369 920 1300 958 1288 935 1356 897 2 0
1702 194 1630 233 1615 208 1688 168 1 0
1707 145 1630 187 1621 169 1697 127 1 0
1748 290 1762 307 1691 363 1678 345 1 0
1674 388 1687 400 1629 460 1616 447 1 0
1735 536 1670 581 1650 554 1716 508 2 0
1645 647 1576 695 1558 669 1628 622 2 0
1750 602 1763 619 1700 670 1687 653 1 0
1659 737 1670 750 1613 798 1602 785 1 0
1788 393 1804 404 1760 469 1743 459 1 0
1861 484 1789 533 1777 516 1849 467 1 0
1779 793 1710 840 1692 815 1762 767 2 0
1775 838 1710 882 1701 869 1766 825 1 0
1666 925 1609 955 1596 930 1652 900 2 0
1463 833 1480 847 1429 909 1411 894 1 0
1556 798 1573 816 1511 876 1494 859 1 0
1589 849 1523 905 1501 879 1567 824 2 0
1498 958 1522 983 1458 1042 1435 1017 2 0
1378 1001 1415 1021 1384 1079 1346 1059 2 0
1267 992 1287 999 1259 1077 1239 1069 1 0
1189 918 1107 986 1081 955 1162 886 3 0
982 886 991 903 913 942 905 926 1 0
1098 872 1112 884 1058 947 1043 934 1 0
992 1005 1019 1024 982 1079 954 1060 2 0
831 1023 873 1023 873 1079 831 1079 2 0
1590 1047 1559 1079 1541 1062 1571 1029 1 0
