imagesource:GoogleEarth
gsd:0.115726939386
405 80 416 83 390 175 380 173 1 0
230 262 237 263 227 343 220 343 1 0
184 188 192 189 173 304 165 303 1 0
190 438 195 438 176 561 171 561 1 0
324 503 333 505 299 620 290 618 1 0
368 586 378 589 354 684 345 681 1 0
168 754 178 759 127 867 117 862 1 0
330 852 343 857 308 946 295 941 1 0
307 970 316 972 290 1079 280 1076 1 0
502 744 519 750 488 836 472 831 1 0
496 588 510 591 486 690 473 687 1 0
577 285 586 289 547 383 538 380 1 0
564 183 571 185 540 272 534 269 1 0
534 26 545 29 514 130 504 127 1 0
583 49 595 54 549 151 538 146 1 0
637 34 649 40 595 141 583 134 1 0
783 87 794 92 754 184 744 179 1 0
810 133 822 140 770 225 759 218 1 0
689 357 705 361 679 452 663 447 1 0
830 405 841 407 825 493 814 491 1 0
905 201 914 207 862 289 853 284 1 0
744 535 758 539 733 619 720 614 1 0
904 511 917 518 871 612 858 606 1 0
1117 546 1130 554 1072 641 1060 632 1 0
867 803 866 819 809 816 810 801 1 0
1191 804 1201 809 1163 873 1153 868 1 0
998 992 1007 997 972 1078 962 1074 1 0
825 857 841 863 817 937 801 932 1 0
742 804 754 808 726 897 714 894 1 0
539 963 549 966 520 1051 511 1048 1 0
1400 500 1411 505 1378 578 1367 574 1 0
1384 238 1396 245 1350 328 1338 322 1 0
1018 3 1028 11 972 76 962 68 1 0
1338 0 1348 7 1301 68 1291 61 1 0
1801 345 1810 351 1760 424 1751 417 1 0
1729 454 1740 459 1701 548 1690 544 1 0
1632 394 1642 398 1612 484 1602 480 1 0
1649 405 1665 413 1630 488 1614 481 1 0
1719 844 1734 854 1683 927 1669 918 1 0
1821 717 1834 725 1787 801 1774 793 1 0
1833 578 1844 585 1795 664 1784 658 1 0
1490 927 1497 933 1444 991 1437 984 1 0
1460 915 1470 921 1428 980 1418 973 1 0
1467 817 1479 825 1425 911 1413 903 1 0
1445 797 1458 803 1419 894 1406 889 1 0
1401 687 1412 691 1376 774 1366 770 1 0
1284 824 1296 830 1262 891 1250 884 1 0
1276 807 1286 812 1243 906 1233 902 1 0
1328 889 1342 893 1324 969 1310 965 1 0
1055 868 1068 875 1024 956 1012 949 1 0
1194 340 1204 343 1176 446 1165 443 1 0
1244 322 1258 331 1200 420 1187 412 1 0
1336 384 1348 386 1328 482 1316 479 1 0
1589 727 1598 731 1561 820 1553 817 1 0
1606 740 1614 745 1561 835 1552 830 1 0
1674 971 1688 973 1673 1079 1659 1077 1 0
1360 1030 1369 1034 1346 1079 1337 1074 1 0
1337 1026 1347 1031 1326 1079 1316 1075 1 0
795 1038 800 1040 784 1079 778 1077 1 0
787 1016 796 1019 778 1078 768 1076 1 0
563 495 574 497 565 567 554 565 1 0
292 714 311 718 287 837 268 833 1 0
192 890 203 891 189 978 179 977 1 0
1683 121 1694 127 1648 209 1638 203 1 0
349 303 359 306 337 378 327 375 1 0
693 470 704 472 689 555 679 553 1 0
256 33 285 53 190 194 161 175 2 0
437 126 464 130 440 274 414 269 2 0
412 300 458 320 405 446 358 426 2 0
921 107 902 202 872 196 890 101 2 0
1014 140 1034 152 985 232 965 221 2 0
791 306 808 310 784 403 767 398 2 0
788 646 811 653 785 741 762 735 2 0
982 603 922 695 905 684 964 592 2 0
960 770 930 869 908 862 937 763 2 0
1093 712 1050 803 1027 792 1070 701 2 0
1185 635 1211 646 1164 760 1138 749 2 0
1261 492 1233 584 1212 578 1240 486 2 0
1112 469 1071 573 1054 567 1096 463 2 0
1061 322 1076 328 1037 419 1023 412 2 0
966 292 912 404 879 389 933 277 3 0
1103 21 1122 34 1068 107 1049 93 2 0
1197 0 1216 8 1182 85 1163 77 2 0
591 624 579 723 560 720 572 621 2 0
402 734 424 740 393 838 372 832 2 0
582 827 603 833 575 921 554 915 2 0
437 934 405 1002 394 997 426 928 2 0
419 538 457 538 457 624 419 624 2 0
288 169 341 183 298 345 245 331 2 0
1117 918 1058 1009 1038 997 1097 905 2 0
771 819 791 826 734 974 714 966 2 0
700 920 654 1054 631 1047 677 912 2 0
1366 633 1325 712 1306 702 1347 623 2 0
1387 388 1357 494 1325 486 1354 379 2 0
1668 595 1613 664 1584 641 1638 572 2 0
1786 518 1817 518 1817 530 1786 530 2 0
1527 339 1481 422 1458 409 1505 327 2 0
1648 283 1570 325 1553 294 1631 251 2 0
1567 15 1524 81 1509 71 1552 5 2 0
1542 473 1482 548 1456 528 1516 452 2 0
1656 6 1636 78 1612 71 1632 0 2 0
1221 657 1232 663 1179 746 1168 739 1 0
892 697 863 795 851 791 880 694 1 0
971 783 979 787 928 886 920 882 1 0
406 935 416 938 394 1009 384 1005 1 0
712 473 736 480 705 580 681 573 2 0
388 733 402 738 374 828 360 823 1 0
680 684 712 691 694 775 663 769 2 0
992 432 1013 434 1004 515 984 513 2 0
121 338 160 338 160 449 121 449 2 0
249 404 280 421 209 547 179 530 3 0
143 572 185 589 113 759 71 741 3 0
253 582 280 597 223 701 196 687 3 0
682 167 720 199 651 280 614 249 3 0
462 377 483 379 471 475 450 472 2 0
605 468 531 522 523 510 596 456 1 0
1137 175 1177 208 1104 295 1065 261 3 0
1272 133 1190 189 1167 154 1248 99 3 0
1349 122 1385 152 1312 239 1276 208 3 0
1419 0 1446 9 1416 94 1389 84 2 0
1575 119 1606 140 1541 236 1510 214 3 0
1504 564 1544 601 1478 673 1438 636 3 0
1604 878 1635 894 1580 1001 1549 985 3 0
1215 993 1240 1010 1193 1079 1168 1061 3 0
1737 664 1772 687 1718 766 1683 742 3 0
911 933 931 952 850 1034 831 1014 2 0
225 865 255 874 212 1017 182 1008 2 0
1731 227 1757 245 1705 322 1679 303 3 0
