1443.0 684.0 1526.0 684.0 1443.0 724.0 1526.0 724.0 2 0
135 386 142 387 123 477 116 475 1 0
245 202 251 207 202 280 195 275 1 0
241 189 249 195 191 284 182 279 1 0
809 89 818 95 763 177 754 171 1 0
354 346 362 347 344 436 336 434 1 0
504 370 515 372 500 474 490 473 1 0
142 531 103 602 96 599 135 528 1 0
677 564 687 567 658 651 648 648 1 0
1176 653 1169 656 1141 573 1149 570 1 0
729 989 739 993 711 1056 702 1051 1 0
774 264 783 268 748 342 740 339 1 0
395 844 405 847 384 950 374 947 1 0
431 646 443 648 431 755 419 753 1 0
1334 378 1325 385 1277 322 1286 314 1 0
1630 1018 1555 1044 1551 1033 1626 1006 1 0
1034 785 1032 797 950 787 952 774 1 0
1072 41 1079 46 1028 116 1021 112 1 0
1064 39 1067 48 975 76 973 67 1 0
787 17 798 23 758 106 747 100 1 0
966 92 975 96 934 193 925 188 1 0
228 288 254 299 221 376 196 365 2 0
382 132 397 144 334 219 320 206 2 0
426 87 374 133 347 101 399 56 2 0
632 1 646 10 600 76 587 67 2 0
550 72 566 80 518 167 502 159 2 0
292 422 313 431 270 529 249 519 2 0
186 490 206 493 191 591 171 588 2 0
279 594 299 599 274 700 255 695 2 0
378 941 359 941 356 851 375 851 2 0
297 1049 277 1051 273 971 292 970 2 0
392 978 413 978 411 1068 390 1068 2 0
600 951 622 961 588 1037 567 1028 2 0
559 643 588 673 524 735 496 705 2 0
859 930 803 992 792 981 848 920 2 0
855 981 951 981 951 1070 855 1070 2 0
1148 1005 1068 1019 1065 1001 1145 986 2 0
1050 807 1068 810 1050 905 1032 901 2 0
1000 634 1079 651 1076 665 997 649 2 0
991 663 1143 672 1141 712 988 702 2 0
850 525 875 546 776 663 752 642 2 0
986 576 900 604 875 529 961 501 2 0
959 453 896 507 880 487 942 433 2 0
1103 509 1011 528 1004 496 1096 477 2 0
815 456 792 531 783 529 807 453 1 0
858 352 890 379 819 463 788 436 3 0
955 315 978 333 921 406 898 387 2 0
915 212 932 219 899 295 883 288 2 0
1256 386 1184 395 1182 379 1254 369 2 0
1107 341 1042 423 1024 409 1088 326 2 0
917 117 937 130 884 209 864 195 2 0
958 91 909 96 899 7 948 2 2 0
1219 61 1148 96 1140 78 1211 43 2 0
1169 194 1086 288 1055 261 1138 167 2 0
1145 122 1225 139 1216 186 1135 170 2 0
689 362 720 380 660 480 629 461 2 0
610 447 638 458 593 569 566 558 2 0
529 488 558 495 535 588 505 580 2 0
717 232 747 242 720 327 690 317 2 0
421 302 473 326 429 421 378 397 2 0
740 720 764 736 706 820 682 804 2 0
816 765 905 802 895 826 805 789 3 0
209 492 219 494 200 588 191 587 1 0
475 1007 506 1017 486 1079 455 1069 2 0
1257 899 1181 903 1180 880 1256 877 2 0
1392 871 1476 890 1471 908 1387 889 2 0
1384 955 1305 964 1295 877 1375 869 2 0
1472 949 1409 993 1402 982 1465 938 2 0
1451 1010 1385 1072 1368 1054 1434 991 2 0
1263 984 1191 1005 1178 960 1250 940 2 0
1711 806 1655 863 1644 851 1699 794 2 0
1754 790 1820 830 1799 863 1734 823 2 0
1760 710 1687 719 1684 696 1757 686 2 0
1304 618 1386 632 1383 650 1301 635 2 0
1247 589 1180 648 1170 636 1237 578 2 0
1182 767 1278 785 1274 803 1179 786 2 0
1456 547 1548 625 1523 656 1430 578 2 0
1410 461 1324 499 1316 482 1402 445 2 0
1773 528 1701 530 1700 513 1773 511 2 0
1612 418 1623 425 1579 496 1568 489 2 0
1513 349 1456 393 1446 379 1503 335 2 0
1216 496 1200 497 1197 409 1213 408 2 0
1795 536 1723 587 1709 567 1781 515 2 0
1858 444 1778 448 1777 427 1857 423 2 0
1350 291 1257 320 1238 260 1332 231 2 0
1356 180 1340 184 1318 102 1334 97 2 0
1389 46 1459 118 1444 133 1374 61 2 0
1435 161 1517 230 1473 281 1391 212 2 0
1618 107 1690 131 1681 157 1609 133 2 0
1782 121 1784 142 1711 151 1708 130 2 0
1842 320 1827 336 1773 288 1787 272 2 0
213 65 246 74 220 167 187 159 3 0
489 0 509 14 471 68 451 55 3 0
674 109 715 127 674 224 633 207 3 0
586 275 628 292 582 400 541 382 3 0
470 600 401 622 372 525 440 504 3 0
1134 122 1150 137 1033 262 1017 247 3 0
340 722 356 722 356 813 340 813 3 0
701 724 591 790 569 753 680 687 3 0
556 897 499 903 486 791 542 784 4+ 0
172 710 211 713 202 841 163 838 4+ 0
720 867 729 871 692 946 683 941 1 0
688 857 699 859 676 947 666 944 1 0
706 861 713 863 687 933 680 930 1 0
857 650 912 674 868 777 814 753 1 0
519 164 538 171 504 259 485 251 3 0
1533 910 1628 916 1626 949 1531 944 3 0
1729 951 1654 1010 1622 970 1698 911 3 0
1501 780 1601 793 1596 828 1497 814 3 0
1291 688 1406 733 1391 772 1275 727 4+ 0
1667 668 1562 689 1539 576 1644 555 3 0
1441 505 1531 515 1527 550 1437 541 3 0
1705 378 1556 392 1552 349 1700 334 3 0
1702 311 1772 364 1757 384 1686 332 3 0
1546 115 1645 169 1604 244 1505 189 3 0
1564 26 1638 77 1607 122 1533 71 3 0
1296 0 1406 0 1406 59 1296 59 4+ 0
