688 150 694 155 650 209 643 203 1 0
416 454 340 512 335 505 410 446 1 0
584 376 590 383 534 439 527 433 1 0
662 270 667 278 599 323 594 315 1 0
318 367 252 425 244 416 311 359 1 0
214 392 223 400 143 486 134 478 1 0
246 404 160 478 154 471 240 397 1 0
380 686 386 692 327 747 320 740 1 0
343 680 354 688 301 756 290 747 1 0
239 739 247 746 190 815 182 808 1 0
565 907 572 913 524 971 517 966 1 0
851 217 860 227 793 293 784 284 1 0
1092 25 998 72 995 66 1088 18 1 0
1058 23 986 79 980 71 1052 15 1 0
1027 14 1034 22 970 82 963 75 1 0
1376 183 1283 225 1279 215 1372 172 1 0
1391 272 1397 283 1320 333 1313 322 1 0
1227 291 1167 345 1158 335 1219 282 1 0
1168 383 1174 392 1101 442 1095 434 1 0
855 504 783 569 774 559 846 495 1 0
750 580 757 586 701 644 694 637 1 0
861 677 869 685 823 735 815 728 1 0
952 922 878 978 871 968 945 913 1 0
1123 795 1206 814 1204 824 1120 805 1 0
1167 685 1176 694 1110 757 1102 747 1 0
1140 620 1147 633 1058 679 1051 666 1 0
1266 571 1178 598 1175 588 1263 560 1 0
1442 396 1450 405 1382 458 1375 449 1 0
1409 646 1319 681 1315 670 1404 634 1 0
1362 636 1280 683 1274 672 1356 625 1 0
1204 1028 1136 1076 1130 1068 1197 1020 1 0
1597 1048 1515 1051 1514 1042 1596 1039 1 0
1566 308 1654 308 1654 322 1566 322 1 0
1781 363 1697 389 1692 375 1776 350 1 0
356 1000 305 1066 300 1062 350 996 1 0
886 413 777 458 771 444 881 399 1 0
1291 498 1210 534 1205 521 1285 485 1 0
246 148 261 160 198 242 183 230 2 0
244 261 272 282 204 370 176 349 2 0
368 201 379 210 313 289 302 279 2 0
457 189 471 205 401 268 387 253 2 0
445 336 376 421 360 407 428 323 2 0
641 198 555 250 539 223 625 172 2 0
535 516 545 527 485 589 475 578 2 0
383 514 398 530 337 589 323 573 2 0
308 551 329 575 270 628 249 604 2 0
198 535 213 550 149 613 134 597 2 0
236 593 249 604 190 674 177 663 2 0
681 465 699 485 634 543 616 523 2 0
537 364 549 374 493 440 481 430 2 0
536 88 451 154 439 139 525 73 2 0
536 34 459 123 441 108 518 19 2 0
650 56 578 120 565 106 636 41 2 0
717 26 732 41 654 117 639 101 2 0
839 122 854 140 780 205 764 188 2 0
918 92 932 106 853 182 840 169 2 0
923 36 858 80 838 50 903 6 2 0
977 197 997 218 925 289 905 268 2 0
1080 166 1004 205 993 183 1068 144 2 0
929 344 941 365 877 402 865 380 2 0
710 391 721 406 647 457 637 442 2 0
579 282 508 336 498 321 568 268 2 0
258 421 270 439 193 492 181 474 2 0
473 650 408 694 399 681 464 636 2 0
679 642 599 683 588 661 668 619 2 0
832 574 852 608 770 659 750 626 2 0
1052 422 1061 437 980 490 970 475 2 0
332 57 378 98 297 187 252 145 3 0
782 286 803 322 730 363 710 328 3 0
1071 377 987 385 981 326 1065 317 3 0
984 488 1002 524 911 570 893 534 3 0
543 621 558 633 494 704 480 691 2 0
557 639 564 646 506 703 498 696 1 0
1121 230 1130 237 1067 312 1058 304 2 0
1196 223 1211 247 1141 292 1126 268 2 0
1216 133 1224 146 1153 192 1145 179 2 0
1192 63 1220 82 1165 163 1137 144 2 0
1388 131 1309 175 1289 139 1368 95 2 0
1523 104 1449 112 1442 33 1515 25 2 0
1319 374 1240 428 1230 412 1308 358 2 0
1673 234 1579 285 1571 271 1665 220 2 0
1567 423 1463 471 1455 452 1558 404 2 0
1428 546 1358 605 1347 591 1417 532 2 0
1530 510 1436 535 1429 511 1523 486 3 0
1154 546 1068 592 1050 559 1136 513 3 0
1000 645 916 698 901 674 985 620 3 0
1728 420 1634 465 1623 442 1717 398 2 0
1748 470 1638 473 1638 455 1748 453 2 0
1532 653 1440 672 1435 645 1526 626 2 0
1548 234 1454 286 1427 237 1522 186 3 0
1804 305 1726 327 1718 297 1796 275 2 0
1327 768 1237 785 1227 733 1317 716 2 0
1038 772 955 819 942 796 1024 749 2 0
919 789 930 808 859 849 848 830 2 0
853 811 799 861 772 833 826 782 2 0
1111 895 1038 924 1032 908 1105 880 2 0
1058 1017 987 1061 970 1033 1041 989 2 0
1151 925 1230 925 1230 957 1151 957 2 0
1300 844 1234 889 1219 866 1284 822 2 0
1489 852 1414 863 1410 830 1484 819 2 0
1593 821 1524 849 1517 832 1585 803 2 0
1404 926 1329 957 1320 935 1395 904 2 0
1321 1079 1247 1078 1247 1050 1321 1051 2 0
1636 620 1684 651 1619 749 1571 718 2 0
1693 896 1620 897 1620 880 1693 879 2 0
1754 983 1720 1002 1684 938 1719 919 2 0
1618 975 1529 976 1529 958 1618 957 2 0
1531 979 1391 1001 1388 987 1529 965 2 0
1805 731 1689 796 1663 750 1778 684 2 0
1849 707 1835 719 1794 668 1809 656 2 0
1726 624 1794 630 1791 655 1723 649 2 0
1823 872 1785 884 1758 798 1796 786 2 0
1867 404 1798 432 1790 413 1859 385 2 0
1399 693 1483 693 1483 807 1399 807 3 0
1667 610 1584 635 1571 592 1653 566 3 0
1763 439 1837 439 1837 550 1763 550 3 0
595 792 516 858 496 835 575 768 2 0
442 826 454 837 397 905 385 895 2 0
440 880 375 938 367 929 432 871 2 0
320 868 246 927 237 915 310 856 2 0
226 904 138 951 123 924 211 876 2 0
143 693 80 737 63 712 126 668 2 0
779 773 646 832 628 790 760 731 4+ 0
798 967 720 981 715 952 792 938 2 0
725 922 623 964 606 924 708 881 4+ 0
516 1024 536 1030 519 1078 500 1072 2 0
573 1045 545 1079 534 1071 562 1036 1 0
759 1040 873 1040 873 1079 759 1079 3 0
1564 18 1749 18 1749 151 1564 151 4+ 0
