671 43 588 106 583 98 665 36 1 0
931 0 937 10 889 39 883 29 1 0
782 279 793 287 735 362 725 355 1 0
615 572 623 578 565 659 558 653 1 0
872 667 879 674 809 729 803 722 1 0
307 792 316 796 277 871 268 866 1 0
339 0 356 12 337 39 320 28 2 0
316 149 329 159 267 237 254 226 2 0
229 237 247 252 181 331 163 315 2 0
136 290 165 296 144 399 115 393 2 0
414 130 429 143 359 226 344 213 2 0
443 17 457 29 402 94 388 81 2 0
549 131 564 147 498 213 483 198 2 0
662 154 677 169 609 241 594 226 2 0
912 72 817 119 809 104 905 57 2 0
852 253 869 268 813 325 797 310 2 0
1225 21 1238 40 1169 85 1157 67 2 0
1336 143 1347 168 1257 206 1247 182 2 0
669 297 685 316 612 373 597 354 2 0
379 277 399 284 367 367 347 359 2 0
387 418 319 483 299 463 367 398 2 0
209 395 230 406 190 484 169 474 2 0
240 492 253 502 200 574 187 564 2 0
533 425 553 436 513 509 494 498 2 0
653 442 582 485 572 468 642 425 2 0
771 453 687 510 673 489 756 432 2 0
967 323 981 345 907 392 894 370 2 0
1226 288 1237 302 1167 358 1156 343 2 0
1321 336 1261 381 1249 365 1310 321 2 0
1373 39 1310 81 1297 62 1359 20 2 0
883 446 827 508 811 494 868 432 2 0
807 591 744 634 733 618 796 575 2 0
703 591 624 644 613 628 691 575 2 0
514 691 533 702 489 781 470 770 2 0
200 618 221 629 188 695 167 685 2 0
380 685 311 755 291 736 360 666 2 0
1130 634 1062 677 1048 656 1116 612 2 0
989 650 919 701 903 678 973 628 2 0
1222 592 1236 610 1176 658 1162 640 2 0
1355 622 1278 644 1272 623 1349 601 2 0
1323 739 1335 760 1272 796 1260 776 2 0
768 733 713 802 704 794 759 726 2 0
916 507 845 567 839 560 909 499 1 0
520 308 539 327 477 390 458 370 3 0
765 125 786 146 730 201 709 179 3 0
1036 201 961 258 943 234 1018 177 3 0
1187 195 1094 252 1080 228 1172 171 3 0
1136 339 1060 376 1049 353 1125 316 3 0
510 553 440 618 426 603 496 538 3 0
358 549 319 623 300 613 338 539 3 0
1030 456 1059 472 1009 563 980 547 3 0
1202 478 1127 526 1108 496 1182 447 3 0
1312 458 1237 505 1227 489 1301 442 3 0
604 669 620 690 556 740 540 720 3 0
1111 42 1041 85 1022 55 1091 11 3 0
216 739 230 751 169 825 154 813 2 0
183 740 192 745 150 826 141 821 1 0
397 763 414 778 352 852 335 837 2 0
254 904 274 917 231 980 212 967 2 0
408 919 422 934 360 994 346 979 2 0
756 849 765 857 696 936 688 929 1 0
1028 971 1036 979 984 1033 976 1025 1 0
1347 865 1356 871 1309 939 1300 934 1 0
554 832 560 833 538 927 532 925 1 0
531 898 539 905 488 970 480 964 1 0
620 992 639 1006 589 1079 569 1066 2 0
660 848 686 868 620 952 594 931 3 0
915 788 935 811 866 872 846 848 4+ 0
1100 740 1007 803 988 773 1081 711 3 0
1234 751 1167 790 1152 765 1219 725 3 0
1188 822 1206 834 1155 908 1137 896 2 0
1047 908 1001 965 983 951 1029 894 2 0
903 960 920 969 878 1055 862 1047 2 0
783 977 807 997 738 1079 714 1059 3 0
1133 957 1075 1006 1061 990 1119 941 2 0
1238 948 1256 962 1208 1021 1191 1006 2 0
1385 993 1404 1006 1362 1063 1343 1049 2 0
1284 1061 1246 1087 1236 1072 1274 1046 2 0
1533 810 1551 822 1507 886 1489 874 2 0
1589 666 1606 680 1555 741 1538 726 2 0
1542 536 1549 545 1488 593 1481 584 1 0
1677 552 1614 595 1608 587 1671 543 1 0
1432 373 1359 422 1351 411 1424 362 2 0
1757 638 1716 689 1702 678 1743 627 2 0
1658 726 1681 742 1643 798 1620 782 2 0
1666 888 1683 898 1640 977 1623 968 2 0
1850 567 1871 585 1820 645 1800 628 2 0
1670 377 1680 387 1623 450 1612 441 2 0
1862 458 1801 510 1784 489 1845 437 2 0
1843 351 1858 369 1807 408 1793 390 2 0
1718 242 1729 250 1686 311 1676 304 2 0
1762 428 1700 480 1684 461 1745 409 2 0
1731 495 1745 516 1685 554 1672 533 2 0
1430 485 1350 518 1341 497 1422 463 2 0
1793 775 1803 781 1768 843 1758 838 1 0
1840 690 1775 736 1768 726 1832 679 1 0
1544 907 1552 917 1491 969 1483 959 1 0
1477 749 1487 754 1447 827 1437 822 1 0
1480 662 1418 714 1400 693 1462 641 3 0
1631 1010 1575 1057 1560 1040 1616 993 3 0
1577 434 1508 486 1488 459 1557 408 3 0
1627 240 1642 279 1575 305 1560 266 3 0
1479 273 1392 303 1381 271 1467 241 3 0
1442 139 1362 188 1356 177 1436 129 1 0
1591 128 1509 168 1496 142 1578 102 2 0
1528 81 1454 121 1444 103 1518 63 2 0
1707 72 1627 105 1620 89 1700 56 2 0
1387 876 1400 903 1340 933 1327 907 3 0
