362 91 369 94 334 177 327 173 1 0
385 340 397 340 392 412 381 412 1 0
731 108 740 109 731 182 723 180 1 0
1100 30 1109 33 1089 88 1081 84 1 0
874 159 883 160 876 224 868 223 1 0
1159 77 1167 78 1161 137 1153 137 1 0
1243 157 1248 163 1191 213 1186 207 1 0
1032 351 1043 356 1013 426 1003 421 1 0
677 474 685 475 673 545 665 543 1 0
503 639 511 641 496 712 489 711 1 0
706 722 713 724 688 804 682 802 1 0
867 562 873 566 839 632 833 629 1 0
817 577 828 579 809 674 798 671 1 0
838 576 846 579 820 660 812 657 1 0
1038 781 1046 784 1017 851 1010 847 1 0
1165 725 1171 729 1124 798 1118 793 1 0
1356 712 1362 714 1334 788 1329 786 1 0
1108 910 1113 911 1097 976 1092 975 1 0
1522 475 1530 481 1474 546 1467 540 1 0
1312 360 1322 364 1295 426 1286 423 1 0
1241 489 1252 495 1210 570 1199 563 1 0
1223 486 1230 490 1191 566 1184 563 1 0
1371 620 1344 693 1335 690 1362 617 1 0
1695 228 1700 233 1642 293 1637 289 1 0
1811 257 1768 319 1761 315 1803 252 1 0
1553 974 1562 979 1525 1050 1516 1045 1 0
641 353 649 353 641 433 633 433 1 0
629 341 641 342 632 439 620 437 1 0
785 0 798 5 778 67 765 62 1 0
211 116 223 121 196 191 184 186 1 0
237 38 248 41 226 111 215 107 1 0
420 331 428 332 420 403 412 403 1 0
305 430 314 431 306 511 297 510 1 0
1042 658 1051 662 1020 733 1010 729 1 0
1221 617 1230 620 1206 688 1197 685 1 0
1208 612 1218 615 1195 690 1184 686 1 0
1837 415 1847 416 1831 511 1821 509 1 0
260 284 278 288 261 372 243 368 2 0
173 399 207 410 188 469 155 459 2 0
196 252 225 262 203 320 175 310 2 0
366 161 381 165 358 243 343 238 2 0
308 224 320 225 310 304 299 302 2 0
509 108 521 111 496 201 485 197 2 0
628 12 660 23 630 106 599 95 2 0
485 256 499 262 467 331 454 324 2 0
669 158 690 168 650 253 629 243 2 0
802 71 821 75 803 163 784 160 2 0
912 265 935 275 898 360 876 351 2 0
976 239 1000 251 961 326 938 315 2 0
1048 165 1069 174 1037 250 1016 241 2 0
905 416 920 424 882 497 867 489 2 0
805 405 822 410 799 488 782 483 2 0
755 410 790 413 781 498 746 494 2 0
688 594 721 602 699 697 666 689 2 0
415 515 438 524 408 604 386 596 2 0
207 587 222 593 196 660 182 654 2 0
171 527 194 529 182 624 159 622 2 0
104 496 118 501 89 570 75 565 2 0
315 28 348 28 348 51 315 51 2 0
723 605 734 609 707 702 696 699 1 0
591 706 605 709 586 792 573 788 2 0
491 793 521 796 511 891 481 888 2 0
157 709 178 718 149 782 128 773 2 0
278 946 311 947 309 1047 276 1047 2 0
398 862 413 869 378 949 363 943 2 0
667 851 682 856 657 936 642 931 2 0
591 1052 564 1055 553 964 580 960 2 0
512 917 531 917 527 1000 509 1000 2 0
437 1026 459 1027 458 1079 436 1078 2 0
909 725 925 730 904 804 888 799 2 0
1020 640 1038 646 1012 732 994 726 2 0
937 849 1003 864 977 974 911 959 4+ 0
652 978 661 981 635 1043 627 1039 1 0
288 751 299 755 277 818 266 815 1 0
1300 27 1317 31 1298 116 1280 112 2 0
1326 134 1351 145 1319 219 1295 209 2 0
1174 256 1192 265 1155 337 1137 327 2 0
1153 385 1181 397 1151 466 1124 455 2 0
1071 520 1091 531 1053 601 1033 590 2 0
1310 242 1326 255 1268 323 1253 310 2 0
1435 332 1452 339 1419 415 1403 409 2 0
1341 455 1360 460 1334 544 1315 538 2 0
1184 465 1202 469 1184 552 1165 547 2 0
1407 520 1421 526 1388 608 1374 603 2 0
1561 337 1576 343 1543 422 1529 416 2 0
1541 220 1575 239 1537 308 1504 289 2 0
1453 175 1472 186 1433 258 1414 248 2 0
1690 167 1628 222 1615 207 1677 152 2 0
1673 334 1690 344 1648 417 1632 408 2 0
1644 474 1658 482 1617 558 1603 551 2 0
1518 615 1539 623 1507 696 1487 687 2 0
1481 725 1502 736 1463 806 1443 795 2 0
1756 568 1773 580 1732 641 1715 629 2 0
1805 483 1824 498 1774 566 1754 552 2 0
1706 743 1732 759 1689 827 1664 810 2 0
1608 779 1632 795 1583 867 1559 851 2 0
1593 14 1610 24 1567 90 1551 80 2 0
1504 67 1530 89 1484 143 1458 121 2 0
1734 74 1691 122 1675 108 1718 59 2 0
1481 831 1498 834 1486 918 1469 915 2 0
1684 958 1627 990 1613 964 1670 933 2 0
1698 840 1716 846 1690 923 1672 918 2 0
1370 997 1389 1003 1368 1074 1348 1068 2 0
1224 799 1242 805 1212 886 1195 879 2 0
1120 1034 1136 1040 1120 1079 1103 1073 2 0
557 217 604 227 587 311 540 302 3 0
531 446 558 451 537 571 511 567 4+ 0
330 572 358 583 323 672 296 661 4+ 0
967 46 994 56 956 159 930 149 3 0
815 372 761 377 749 251 802 245 4+ 0
395 708 423 717 391 810 364 800 3 0
189 824 213 832 192 898 168 890 3 0
793 785 824 806 764 893 734 872 3 0
799 937 838 947 806 1079 767 1069 4+ 0
986 584 958 586 953 504 980 502 3 0
1230 960 1254 998 1184 1042 1160 1005 3 0
1328 837 1373 838 1369 926 1324 925 3 0
1524 957 1543 962 1515 1053 1496 1047 2 0
1823 663 1852 687 1798 751 1770 727 3 0
1615 556 1625 559 1606 634 1596 631 1 0
1641 565 1666 578 1614 674 1589 660 3 0
1762 379 1802 393 1778 466 1738 453 3 0
1477 7 1503 29 1448 96 1421 74 3 0
