421 232 432 236 405 321 395 317 1 0
853 87 863 94 816 158 806 151 1 0
1044 219 982 310 974 304 1036 214 1 0
1166 305 1105 372 1096 363 1157 297 1 0
712 403 663 408 662 398 711 392 1 0
204 319 232 328 205 414 177 406 2 0
304 375 327 387 284 464 262 452 2 0
225 466 243 473 209 553 191 546 2 0
382 424 400 429 375 524 356 519 2 0
499 343 519 353 473 450 452 440 2 0
517 212 539 224 499 298 477 286 2 0
294 179 307 186 267 259 254 251 2 0
686 104 613 185 593 166 665 85 2 0
773 149 799 154 781 242 755 237 2 0
671 252 604 323 583 303 650 231 2 0
903 223 920 226 898 338 880 335 2 0
875 418 895 424 865 522 844 515 2 0
941 389 962 391 953 495 931 493 2 0
326 571 348 573 340 657 318 655 2 0
168 566 191 570 175 661 153 657 2 0
193 696 221 700 210 795 181 792 2 0
302 714 323 721 292 812 271 806 2 0
407 655 425 656 421 751 404 750 2 0
494 755 516 759 501 846 479 842 2 0
624 675 640 678 620 782 604 778 2 0
676 620 703 632 663 724 636 712 2 0
665 476 694 478 684 574 655 572 2 0
608 374 644 382 625 477 588 470 2 0
838 634 805 638 795 535 827 532 2 0
787 749 808 761 763 844 741 833 2 0
700 799 719 805 692 894 672 887 2 0
986 72 1012 83 968 184 942 172 2 0
1105 29 1130 40 1086 144 1061 134 2 0
1140 205 1165 215 1134 298 1108 288 2 0
1242 62 1258 70 1210 162 1194 153 2 0
1287 217 1307 225 1274 303 1254 295 2 0
1254 426 1273 435 1240 502 1221 493 2 0
1189 513 1205 520 1159 613 1143 605 2 0
1128 554 1143 554 1139 668 1124 668 2 0
995 505 1015 508 1004 602 984 599 2 0
949 550 962 552 943 657 930 654 2 0
1023 702 1056 704 1050 786 1017 783 2 0
1187 674 1209 679 1189 771 1167 767 2 0
1239 766 1251 773 1212 847 1199 840 2 0
1343 646 1367 656 1333 737 1309 726 2 0
1355 535 1375 539 1352 637 1332 633 2 0
1344 394 1369 408 1325 488 1300 475 2 0
1370 118 1393 127 1355 215 1333 205 2 0
1382 264 1400 274 1350 365 1332 356 2 0
1346 803 1361 811 1322 881 1307 873 2 0
1050 383 1071 400 1015 473 994 457 2 0
802 316 837 337 781 435 746 414 3 0
510 545 535 560 482 650 458 635 3 0
875 685 913 685 913 793 875 793 3 0
539 67 559 82 487 177 468 162 3 0
458 95 467 100 416 176 408 170 2 0
417 57 445 65 421 153 394 146 2 0
262 37 298 42 284 131 248 125 3 0
736 17 687 58 674 41 722 0 2 0
851 0 875 5 859 84 835 79 3 0
341 858 364 858 364 947 341 947 2 0
178 860 214 865 199 969 163 963 3 0
389 930 408 934 394 1000 375 997 2 0
412 942 421 945 396 1015 388 1012 1 0
568 862 590 868 566 954 544 948 2 0
739 877 752 882 719 962 706 956 1 0
987 897 999 900 969 1000 957 996 1 0
1196 893 1222 896 1212 994 1186 992 2 0
535 975 544 977 528 1054 518 1052 1 0
555 1002 565 1008 530 1074 520 1068 2 0
703 1017 763 1017 763 1079 703 1079 3 0
1090 826 1123 854 1059 928 1026 900 3 0
901 848 934 861 862 1035 830 1022 4+ 0
1068 1005 1094 1012 1075 1079 1049 1072 2 0
1368 926 1389 934 1357 1008 1337 999 2 0
1507 801 1455 857 1442 845 1493 789 2 0
1499 569 1509 571 1495 649 1485 648 1 0
1490 543 1510 555 1469 623 1448 611 2 0
1520 662 1536 665 1519 755 1502 751 3 0
1535 934 1551 939 1527 1018 1511 1013 2 0
1444 1011 1400 1079 1386 1070 1429 1002 2 0
1179 1022 1247 1022 1247 1079 1179 1079 2 0
993 1077 983 1079 975 1044 986 1041 1 0
1346 1048 1353 1049 1347 1079 1341 1077 1 0
1648 904 1591 963 1574 945 1631 886 2 0
1619 801 1628 806 1586 880 1577 875 1 0
1680 803 1694 818 1639 871 1624 857 2 0
1799 783 1817 805 1758 852 1740 830 2 0
1648 667 1582 721 1565 701 1631 646 2 0
1743 674 1674 720 1661 699 1729 653 2 0
1841 634 1862 646 1826 706 1806 694 2 0
1634 527 1655 543 1599 616 1578 599 2 0
1738 505 1748 509 1718 584 1707 579 1 0
1808 455 1826 468 1785 527 1767 515 2 0
1498 372 1520 389 1465 462 1443 445 2 0
1609 382 1623 392 1572 466 1558 456 2 0
1719 327 1744 347 1682 426 1657 406 3 0
1823 271 1838 297 1766 336 1752 310 2 0
1588 275 1597 283 1541 341 1533 333 1 0
1779 163 1721 211 1708 196 1766 147 2 0
1672 147 1698 174 1632 236 1606 209 3 0
1515 176 1534 193 1478 256 1459 240 2 0
1500 65 1527 99 1462 149 1436 115 2 0
1668 42 1675 48 1614 106 1608 100 1 0
1348 0 1368 16 1329 63 1309 46 2 0
