426 228 437 235 387 314 376 308 1 0
600 42 607 50 541 105 535 97 1 0
475 60 483 65 436 139 429 135 1 0
432 464 439 466 413 551 407 550 1 0
694 82 699 88 642 144 637 139 1 0
1091 92 1098 99 1033 167 1026 160 1 0
909 289 918 292 889 380 880 378 1 0
1214 90 1220 94 1169 174 1163 171 1 0
1194 550 1202 556 1150 622 1143 617 1 0
352 643 360 644 338 765 331 763 1 0
270 257 280 262 239 341 229 336 2 0
243 112 265 117 243 211 221 206 2 0
676 218 687 228 626 294 615 285 1 0
349 176 363 191 293 262 279 247 2 0
532 192 542 201 498 253 488 244 2 0
366 361 375 365 327 455 319 450 2 0
196 354 211 361 172 449 157 442 2 0
321 516 333 527 268 602 256 592 2 0
553 386 484 454 469 438 537 370 2 0
709 310 719 310 712 408 702 408 2 0
950 89 963 92 937 197 924 193 2 0
829 8 853 15 824 106 800 98 2 0
349 0 357 7 307 61 300 54 1 0
984 242 1000 247 969 360 953 355 2 0
1192 400 1208 407 1166 496 1150 489 2 0
822 369 848 374 830 460 804 455 2 0
517 560 528 565 491 651 481 646 2 0
1062 257 1087 270 1045 357 1019 344 2 0
674 451 696 461 659 543 636 533 2 0
620 506 642 512 611 612 589 605 2 0
953 422 967 427 936 507 921 501 2 0
1012 369 1030 377 986 481 968 473 3 0
792 588 810 600 756 681 738 669 2 0
708 623 718 627 681 715 671 711 2 0
885 538 909 549 868 636 844 624 3 0
1024 563 1047 574 1011 648 989 638 2 0
1123 457 1138 460 1122 560 1107 557 2 0
816 168 853 179 819 295 781 283 3 0
1192 194 1200 202 1125 274 1117 266 1 0
1038 0 1055 9 1027 60 1010 51 2 0
563 672 585 684 540 765 518 753 2 0
86 496 109 507 68 601 45 590 2 0
212 501 221 509 179 559 171 551 1 0
156 630 198 645 154 765 112 749 3 0
226 801 248 810 218 883 196 875 2 0
389 717 416 732 362 831 335 816 3 0
530 812 546 823 501 892 484 881 2 0
523 782 532 787 489 878 480 874 1 0
292 907 316 916 271 1037 248 1029 2 0
413 905 436 915 395 1010 372 1000 2 0
826 773 867 778 856 862 815 857 2 0
724 858 729 863 668 926 663 921 1 0
679 833 702 845 661 925 638 913 2 0
543 952 562 963 519 1042 500 1031 2 0
651 981 670 992 623 1076 604 1065 2 0
819 985 836 993 805 1063 787 1056 3 0
891 708 925 744 869 798 835 763 2 0
969 752 977 758 923 836 915 831 1 0
970 986 963 988 948 902 954 901 1 0
1054 694 1080 714 1026 786 1000 766 3 0
1044 862 1061 868 1022 963 1005 956 2 0
1027 988 981 1058 970 1052 1016 982 1 0
1221 653 1234 661 1188 732 1175 724 2 0
1343 544 1363 555 1313 646 1294 635 2 0
1326 685 1342 694 1296 779 1280 770 1 0
1176 771 1193 778 1161 856 1143 849 2 0
1465 693 1482 711 1422 769 1404 752 2 0
1337 819 1355 832 1305 905 1287 893 2 0
1298 950 1306 953 1272 1039 1263 1035 1 0
1215 921 1144 994 1114 965 1185 892 3 0
1415 917 1359 1001 1344 991 1400 907 2 0
1530 927 1524 928 1501 841 1506 840 1 0
1597 808 1603 812 1560 874 1554 869 1 0
1586 733 1594 739 1547 807 1539 802 1 0
1659 732 1666 739 1620 798 1612 791 1 0
1777 733 1728 782 1717 772 1766 722 1 0
1630 982 1661 995 1626 1079 1594 1065 3 0
1829 580 1845 591 1806 647 1791 636 2 0
1730 597 1666 649 1655 636 1719 584 2 0
1632 586 1565 654 1553 642 1619 574 2 0
1515 588 1525 594 1487 663 1477 657 1 0
1501 470 1508 474 1464 540 1457 536 1 0
1633 448 1648 448 1648 540 1633 540 1 0
1746 433 1759 441 1714 511 1701 503 1 0
1817 407 1836 422 1790 479 1772 465 2 0
1530 1042 1536 1048 1507 1079 1500 1073 1 0
1389 308 1398 316 1343 383 1334 376 1 0
1290 346 1298 351 1262 418 1254 413 1 0
1280 347 1287 350 1268 385 1262 381 1 0
1627 313 1635 317 1594 393 1585 388 1 0
1525 296 1537 305 1481 378 1470 370 2 0
1738 267 1759 273 1733 361 1712 354 2 0
1419 180 1427 184 1389 264 1381 260 1 0
1552 92 1571 105 1516 185 1497 173 2 0
1711 97 1730 109 1691 173 1671 160 3 0
1557 16 1494 79 1479 63 1542 1 3 0
1417 47 1441 51 1423 140 1399 135 2 0
1333 130 1347 136 1314 216 1299 209 2 0
1300 0 1308 4 1286 57 1277 53 1 0
1549 1064 1542 1064 1535 980 1542 979 1 0
