1426 252 1324 295 1306 254 1409 211 2 0
545 686 458 733 441 703 528 655 2 0
973 656 886 694 876 669 962 631 1 0
1018 422 934 492 904 456 987 386 2 0
1232 529 1150 593 1124 560 1205 496 3 0
967 288 885 343 868 317 949 263 1 0
1096 281 1018 335 999 306 1077 253 1 0
1314 455 1236 498 1226 481 1305 438 1 0
1501 350 1381 396 1372 374 1493 327 1 0
1292 346 1206 402 1193 384 1280 327 1 0
1408 480 1317 522 1305 497 1397 455 1 0
1568 407 1475 436 1469 415 1562 386 1 0
1345 382 1258 400 1255 384 1342 366 1 0
1334 365 1294 383 1289 373 1330 355 1 0
1565 278 1479 299 1474 279 1560 259 1 0
1707 301 1623 327 1618 310 1702 285 1 0
1729 334 1638 358 1630 325 1720 301 2 0
1573 154 1499 199 1491 187 1566 142 1 0
1630 181 1547 202 1540 174 1622 152 2 0
1659 425 1567 454 1563 439 1654 410 1 0
1532 554 1431 579 1421 535 1522 511 2 0
1373 103 1480 103 1480 123 1373 123 1 0
1785 460 1689 494 1680 471 1777 437 1 0
1692 512 1614 578 1587 547 1666 481 2 0
1669 575 1591 616 1582 599 1660 558 1 0
1730 659 1660 692 1651 671 1720 638 1 0
1567 650 1609 693 1539 763 1497 720 3 0
1480 691 1397 761 1386 747 1469 677 1 0
1531 826 1451 864 1441 842 1520 804 1 0
1662 812 1578 859 1566 837 1649 790 2 0
1736 884 1654 919 1642 891 1723 855 1 0
1697 971 1595 1009 1586 986 1688 948 1 0
1495 971 1414 1038 1397 1017 1477 950 2 0
1604 893 1536 968 1520 952 1588 877 1 0
1593 1050 1523 1079 1517 1067 1587 1037 1 0
1573 1042 1516 1072 1503 1049 1560 1019 1 0
1268 907 1412 907 1412 926 1268 926 1 0
1338 868 1251 911 1242 894 1329 851 1 0
1389 789 1288 844 1266 804 1367 748 2 0
1394 639 1309 697 1287 665 1372 607 2 0
1323 580 1246 631 1235 615 1312 563 1 0
1228 711 1156 760 1138 733 1210 684 1 0
1074 730 977 766 970 745 1066 710 1 0
1060 696 987 747 978 734 1051 683 1 0
1147 641 1053 671 1043 641 1138 611 2 0
1060 570 969 598 959 565 1050 537 2 0
1109 789 992 850 984 836 1102 775 1 0
1213 834 1146 904 1125 884 1192 814 1 0
1282 977 1207 1040 1187 1017 1262 954 2 0
1301 925 1398 945 1393 967 1296 947 1 0
1188 936 1102 960 1098 945 1184 922 1 0
1096 1006 998 1069 974 1033 1073 971 2 0
1008 946 922 1013 910 997 995 929 1 0
897 1015 804 1062 787 1030 880 983 2 0
765 1013 675 1058 667 1042 757 998 1 0
885 883 790 939 777 917 872 861 1 0
986 838 1005 863 924 923 905 898 2 0
904 807 791 829 780 779 893 756 2 0
745 933 668 1003 646 978 722 908 2 0
755 836 645 874 628 827 738 789 2 0
919 610 838 666 798 606 879 550 3 0
707 699 648 777 627 762 685 683 1 0
804 569 731 628 715 608 788 549 1 0
693 605 625 658 612 642 680 588 1 0
1164 418 1058 476 1036 435 1142 377 2 0
859 456 792 520 780 507 847 443 1 0
853 432 783 504 773 495 842 422 1 0
743 500 659 547 642 515 726 468 2 0
1257 265 1181 329 1136 276 1212 212 2 0
1844 561 1772 599 1753 563 1824 524 2 0
1773 687 1819 706 1784 790 1738 770 2 0
1830 777 1745 813 1738 798 1823 762 1 0
1331 155 1235 196 1228 178 1324 137 1 0
1220 204 1138 229 1134 213 1215 188 1 0
1107 195 1041 240 1025 215 1091 170 1 0
1412 41 1321 69 1309 27 1399 0 2 0
1308 111 1232 165 1194 111 1270 58 3 0
1143 102 1052 148 1043 131 1134 85 1 0
1135 75 1058 128 1046 111 1123 58 1 0
971 176 880 242 845 196 936 130 3 0
898 138 819 197 802 173 880 115 1 0
789 221 699 290 671 253 761 185 2 0
796 79 746 161 722 147 772 64 1 0
920 18 1016 25 1014 50 919 43 1 0
678 75 611 132 585 102 652 45 2 0
660 255 560 264 554 197 653 187 2 0
525 347 561 384 497 447 461 410 3 0
503 69 523 97 446 154 426 126 1 0
431 69 444 85 362 150 349 134 1 0
538 221 474 287 423 236 486 170 2 0
435 331 463 331 463 400 435 400 1 0
447 300 357 349 339 315 429 266 2 0
395 458 294 514 273 477 375 422 2 0
491 484 505 501 430 558 416 540 1 0
400 583 446 621 375 704 329 666 3 0
588 723 607 739 541 817 522 800 1 0
489 798 405 856 386 827 469 770 2 0
594 899 495 930 490 913 589 883 1 0
594 868 506 916 493 893 582 845 2 0
446 952 333 1013 317 985 431 924 2 0
389 903 318 968 301 950 372 885 1 0
238 902 286 941 231 1008 183 969 3 0
351 801 282 859 263 837 333 779 1 0
332 749 344 760 272 838 261 827 1 0
287 791 221 853 207 839 273 776 1 0
283 671 184 712 166 670 265 628 2 0
224 517 167 563 140 529 197 484 2 0
306 396 223 452 212 438 295 381 1 0
240 313 293 357 218 445 165 401 2 0
159 413 172 427 100 497 86 483 1 0
678 425 585 465 575 442 668 403 1 0
701 352 606 395 599 377 693 335 1 0
603 543 519 589 501 556 585 510 2 0
855 358 770 406 752 372 837 325 2 0
364 217 280 273 265 251 348 195 1 0
318 161 337 177 285 239 266 222 1 0
294 141 310 156 253 219 237 204 1 0
429 25 353 89 331 64 407 0 2 0
290 63 227 118 204 91 267 37 1 0
611 1022 539 1079 529 1066 601 1010 1 0
