493 0 499 13 405 61 399 47 1 0
380 92 299 151 293 142 374 83 1 0
354 84 360 92 292 145 287 137 1 0
258 128 277 143 226 212 206 197 2 0
170 235 191 245 154 321 133 311 2 0
171 334 181 341 132 406 123 399 1 0
297 185 368 246 305 319 234 257 3 0
475 170 490 224 397 250 382 195 2 0
440 278 451 281 428 359 417 356 1 0
557 195 583 210 534 298 509 284 2 0
586 32 606 46 544 129 524 115 2 0
641 90 578 158 571 152 634 83 1 0
554 321 565 329 511 396 501 388 1 0
719 207 742 220 695 306 672 293 2 0
665 321 686 337 616 427 596 410 2 0
351 390 367 398 326 481 310 473 2 0
231 364 242 367 219 440 209 436 1 0
745 95 753 102 685 181 677 174 1 0
754 119 761 127 701 176 694 167 1 0
872 7 886 21 824 81 811 67 2 0
873 145 893 159 818 259 799 245 2 0
729 369 738 375 684 455 676 449 1 0
832 280 842 285 806 369 796 365 1 0
841 334 850 339 805 431 796 427 1 0
876 350 883 355 827 429 820 423 1 0
904 221 926 233 884 310 862 297 2 0
1013 91 1020 97 947 185 940 180 1 0
1023 184 1033 192 982 258 972 250 1 0
1039 206 1047 212 981 295 974 288 1 0
1125 66 1156 82 1103 179 1072 163 3 0
1142 235 1152 243 1089 312 1080 303 1 0
955 322 1023 322 1023 417 955 417 2 0
1146 344 1194 377 1122 482 1074 449 3 0
1255 225 1187 292 1161 266 1230 199 3 0
1287 331 1308 347 1246 427 1226 410 2 0
1407 201 1418 211 1332 297 1322 287 1 0
1304 85 1323 93 1289 172 1271 164 1 0
1443 98 1366 170 1327 128 1404 55 3 0
1234 0 1293 0 1293 66 1234 66 3 0
1236 2 1295 2 1295 68 1236 68 3 0
1527 97 1535 106 1453 172 1446 163 1 0
1544 30 1629 31 1628 71 1543 70 3 0
1586 114 1603 126 1536 225 1519 214 2 0
1545 233 1566 250 1504 323 1484 305 2 0
1387 261 1401 269 1347 366 1334 359 1 0
1420 298 1454 326 1387 405 1353 377 2 0
1439 366 1447 373 1386 448 1379 442 1 0
1724 169 1633 222 1625 209 1717 156 1 0
1632 253 1643 261 1586 351 1575 344 1 0
1743 248 1755 262 1668 333 1656 319 2 0
1517 369 1532 377 1483 465 1469 457 1 0
1637 347 1643 356 1546 422 1540 413 1 0
1643 363 1665 383 1592 462 1570 443 2 0
1777 334 1787 346 1683 435 1674 423 1 0
1230 436 1239 443 1191 513 1182 506 1 0
1344 456 1367 472 1310 554 1287 539 2 0
1469 497 1479 503 1418 596 1408 589 1 0
1503 507 1517 525 1435 592 1421 575 2 0
1633 481 1655 507 1566 581 1544 555 2 0
1745 439 1779 462 1706 568 1672 545 2 0
1789 569 1799 579 1716 660 1706 649 1 0
1829 588 1838 600 1765 654 1756 642 1 0
1841 603 1850 616 1769 670 1760 657 1 0
1784 710 1812 725 1760 820 1732 804 2 0
1761 856 1776 864 1728 961 1713 953 1 0
1742 838 1671 920 1662 913 1733 831 1 0
1717 813 1727 819 1665 915 1656 909 1 0
1673 718 1690 727 1641 824 1624 815 2 0
1655 630 1673 635 1641 740 1622 734 1 0
1637 590 1646 595 1591 697 1583 693 1 0
1667 612 1599 701 1589 692 1656 604 1 0
1493 662 1540 687 1488 781 1442 755 2 0
1554 785 1590 797 1554 913 1518 902 2 0
1516 903 1529 909 1499 980 1486 974 1 0
1583 903 1594 913 1525 993 1514 983 1 0
1419 968 1342 1030 1325 1010 1402 947 2 0
1404 706 1413 714 1338 803 1329 795 1 0
1367 628 1407 643 1367 752 1327 737 2 0
1419 813 1451 831 1383 956 1350 938 2 0
1327 812 1342 820 1292 909 1278 900 1 0
1265 729 1303 761 1231 846 1193 814 3 0
1290 584 1304 593 1246 686 1232 676 1 0
1691 976 1725 1000 1672 1079 1637 1055 4+ 0
1529 998 1551 1017 1500 1079 1477 1060 3 0
1153 858 1183 888 1093 976 1064 945 2 0
1124 967 1152 982 1099 1078 1071 1063 2 0
1091 774 1120 795 1053 886 1025 866 2 0
1171 661 1195 671 1158 759 1134 748 3 0
1201 551 1221 566 1146 671 1125 657 2 0
1264 960 1273 966 1219 1041 1209 1035 1 0
1232 928 1241 930 1210 1030 1202 1027 1 0
1249 941 1259 946 1220 1024 1210 1019 1 0
1024 742 1036 747 995 844 983 838 1 0
1035 618 1055 642 976 709 956 686 2 0
1125 481 1138 489 1067 616 1054 608 1 0
979 467 1024 491 964 599 920 575 3 0
897 628 838 697 820 681 879 613 2 0
893 759 910 779 836 842 819 821 2 0
937 845 952 869 869 920 854 896 3 0
1017 921 1039 936 974 1029 953 1015 2 0
916 952 927 958 885 1039 874 1033 1 0
818 1034 827 1039 805 1079 796 1074 2 0
726 933 737 942 671 1018 661 1009 1 0
823 967 756 1035 749 1028 815 959 1 0
803 775 814 781 766 866 756 860 1 0
796 924 818 943 753 1020 732 1001 1 0
792 687 802 696 743 766 733 757 1 0
713 519 741 534 697 614 670 599 2 0
620 473 636 489 572 553 556 538 3 0
475 429 486 437 440 504 429 497 1 0
443 416 466 427 429 508 405 498 2 0
429 563 371 622 352 603 409 544 2 0
576 729 525 795 503 777 555 712 2 0
428 704 449 719 400 785 380 770 2 0
390 692 402 695 384 764 372 762 1 0
829 473 855 485 812 582 786 570 2 0
812 570 823 576 776 656 765 650 1 0
676 663 705 684 638 772 610 751 2 0
700 801 721 814 664 902 644 888 2 0
578 579 591 588 543 659 530 650 1 0
512 543 542 553 513 647 483 637 2 0
324 529 343 549 279 612 259 592 2 0
214 561 226 569 184 633 172 625 1 0
252 400 263 404 237 493 226 490 1 0
168 447 176 451 132 529 124 525 1 0
149 443 157 446 121 535 114 532 1 0
110 613 117 617 80 686 72 682 1 0
223 764 236 769 212 844 199 839 1 0
165 728 173 733 131 795 123 789 1 0
152 711 164 717 130 785 118 779 2 0
169 875 179 875 179 966 169 966 1 0
316 803 338 817 292 884 271 869 2 0
289 923 298 928 259 1005 251 1000 1 0
295 656 318 667 274 758 252 747 2 0
430 833 441 837 412 911 402 908 1 0
356 992 367 997 335 1072 324 1067 1 0
384 1002 393 1009 346 1077 336 1070 1 0
502 1022 450 1079 426 1057 478 999 2 0
594 872 604 878 558 954 548 947 1 0
615 1003 638 1018 600 1079 577 1065 2 0
548 867 561 876 503 960 491 952 1 0
515 849 541 862 500 947 473 935 2 0
