315 69 341 88 272 185 245 166 2 0
429 11 444 27 370 99 355 84 1 0
518 21 529 35 440 105 429 92 1 0
516 42 529 55 457 125 445 111 1 0
302 187 316 203 258 255 244 240 1 0
161 234 183 246 141 322 119 311 2 0
144 325 158 342 82 402 69 385 1 0
122 412 162 440 100 529 61 502 3 0
254 307 275 323 205 418 184 403 2 0
379 236 395 250 335 322 319 308 2 0
480 241 501 255 439 344 418 330 3 0
505 114 527 133 460 213 438 193 2 0
621 50 636 63 575 136 560 122 1 0
627 307 556 371 544 358 615 293 1 0
621 209 643 232 580 291 559 267 2 0
715 39 736 58 665 133 644 113 2 0
737 168 747 179 682 237 673 226 1 0
834 97 857 121 777 198 754 175 2 0
869 0 886 34 780 87 763 52 2 0
497 405 402 450 388 420 483 374 2 0
345 402 375 434 306 500 276 467 3 0
232 494 255 509 203 585 181 569 2 0
685 321 696 329 645 404 634 396 1 0
689 347 704 360 648 421 634 407 1 0
574 428 587 438 521 524 507 514 1 0
553 429 565 437 508 515 497 508 1 0
390 579 403 588 364 648 350 639 1 0
348 572 360 582 303 650 290 639 2 0
136 592 148 600 102 667 90 658 1 0
216 657 237 671 188 744 166 730 2 0
804 369 835 382 799 466 769 454 2 0
573 534 587 549 508 624 494 609 2 0
824 228 849 258 769 324 744 293 3 0
929 210 950 227 879 311 858 294 2 0
905 390 927 411 851 490 829 470 2 0
946 62 980 97 902 170 869 134 3 0
1110 89 1126 122 1031 168 1015 135 2 0
1033 221 1054 248 974 311 953 284 3 0
779 502 801 521 729 606 707 587 3 0
1081 351 1095 371 1008 432 994 411 2 0
883 522 915 548 847 630 815 604 2 0
811 673 725 709 708 665 794 630 2 0
1017 519 1022 533 928 566 923 552 1 0
645 656 672 695 593 749 566 709 2 0
1252 53 1257 65 1162 109 1157 97 1 0
1287 64 1292 76 1190 115 1185 103 1 0
1291 74 1302 89 1215 149 1205 134 1 0
1154 262 1162 271 1087 343 1079 335 1 0
1485 57 1494 69 1409 130 1400 118 1 0
1461 37 1367 88 1360 74 1454 23 1 0
1431 15 1438 25 1356 83 1349 73 1 0
1420 194 1428 220 1347 243 1340 217 2 0
1397 141 1417 180 1319 229 1299 191 2 0
1322 301 1329 311 1253 365 1246 354 1 0
1318 268 1327 277 1268 346 1258 337 1 0
1280 421 1286 433 1211 471 1205 458 1 0
1502 431 1513 444 1445 500 1434 488 1 0
1381 499 1395 516 1330 571 1315 554 1 0
1133 497 1141 507 1068 564 1060 555 1 0
1311 605 1321 614 1261 672 1252 663 1 0
1526 242 1539 262 1455 316 1443 296 2 0
1610 149 1531 184 1525 170 1604 134 1 0
1597 82 1509 141 1501 129 1589 71 1 0
1591 83 1601 96 1539 145 1529 132 1 0
1752 131 1665 167 1660 155 1747 118 1 0
1720 101 1728 114 1668 155 1659 142 1 0
1769 197 1773 207 1693 238 1690 228 1 0
1647 216 1658 238 1580 277 1569 255 2 0
1694 323 1701 345 1615 373 1607 351 2 0
1783 354 1799 375 1728 431 1711 410 2 0
1425 355 1446 376 1377 443 1357 422 2 0
1247 388 1164 439 1158 429 1240 378 1 0
1209 344 1225 359 1144 437 1129 421 2 0
1579 393 1594 408 1536 464 1521 449 2 0
1597 422 1616 443 1555 498 1537 477 2 0
1795 414 1801 426 1736 459 1730 448 1 0
1690 492 1700 521 1627 547 1617 517 2 0
1824 510 1839 525 1771 591 1756 575 2 0
1621 628 1631 638 1571 695 1562 686 1 0
1703 678 1630 714 1625 702 1697 666 1 0
1687 645 1694 656 1632 700 1624 689 1 0
1817 622 1838 630 1813 697 1791 688 2 0
1815 727 1825 773 1745 792 1735 746 3 0
1687 774 1698 784 1638 843 1628 834 1 0
1225 692 1129 732 1118 705 1214 665 2 0
1444 721 1456 753 1370 786 1358 753 2 0
1415 598 1447 619 1400 691 1368 670 2 0
1339 694 1349 702 1292 776 1282 767 1 0
1317 679 1332 687 1287 768 1271 760 1 0
1544 742 1569 765 1505 833 1480 809 3 0
1332 798 1342 807 1274 876 1264 866 1 0
1199 559 1126 609 1119 600 1192 550 1 0
1193 505 1201 514 1113 599 1105 590 1 0
1195 523 1203 533 1138 590 1129 580 1 0
348 714 370 726 322 812 301 801 2 0
200 746 211 754 155 830 145 822 1 0
274 870 282 877 208 955 201 949 1 0
241 838 264 851 215 937 192 924 2 0
418 913 330 983 312 959 400 889 2 0
421 973 428 979 362 1053 355 1046 1 0
489 797 509 811 460 881 441 868 2 0
635 816 555 871 535 843 615 787 2 0
548 904 590 942 527 1013 485 975 3 0
745 773 756 779 708 862 696 855 1 0
759 798 770 808 709 878 698 867 1 0
719 972 640 1025 625 1003 704 949 2 0
800 879 809 884 765 964 756 959 1 0
860 937 889 956 833 1038 805 1018 2 0
882 652 936 682 887 768 834 739 3 0
908 784 952 803 918 880 875 861 2 0
867 1022 879 1033 846 1074 833 1063 1 0
1018 966 1025 973 968 1029 961 1021 1 0
1058 862 970 917 951 886 1039 832 3 0
1084 751 1091 758 1030 825 1023 818 1 0
1031 634 1053 668 961 727 939 692 2 0
1081 674 1093 689 1022 747 1010 731 2 0
1238 201 1165 246 1145 213 1218 168 3 0
1136 1 1144 10 1056 80 1049 70 1 0
1197 848 1211 858 1158 935 1143 925 2 0
1194 918 1204 926 1153 988 1143 980 1 0
1369 878 1380 887 1323 959 1312 950 1 0
1405 910 1418 925 1354 983 1341 968 2 0
1535 881 1546 894 1499 932 1489 919 1 0
1552 904 1559 917 1496 953 1488 940 1 0
1800 873 1810 889 1756 924 1745 908 1 0
1698 900 1703 908 1650 942 1645 933 1 0
1676 871 1692 886 1639 942 1623 928 2 0
1105 1056 1072 1079 1060 1062 1094 1039 2 0
1241 1024 1250 1027 1229 1079 1220 1075 1 0
1253 1027 1261 1030 1238 1077 1230 1073 1 0
1361 1040 1375 1050 1356 1079 1341 1070 1 0
1484 1039 1496 1047 1476 1077 1463 1068 2 0
1569 574 1496 636 1486 623 1559 562 1 0
1540 557 1550 566 1480 635 1470 626 1 0
508 676 518 683 461 772 451 766 1 0
462 660 474 663 449 753 438 749 1 0
476 688 489 695 447 778 434 772 1 0
