282 352 295 356 262 463 249 458 1 0
384 205 394 208 370 305 360 303 1 0
529 264 537 265 527 347 519 345 1 0
667 307 656 308 651 199 662 199 1 0
148 321 154 327 88 379 83 373 1 0
522 663 529 668 482 744 475 740 1 0
429 884 436 890 379 959 372 953 1 0
389 860 398 863 372 939 363 935 1 0
419 747 429 749 408 832 399 830 1 0
381 639 390 641 369 720 360 717 1 0
581 980 591 982 576 1055 567 1053 1 0
1298 425 1302 432 1229 482 1225 475 1 0
1152 391 1156 396 1077 457 1073 452 1 0
1516 673 1520 677 1476 723 1472 719 1 0
995 142 996 243 984 243 983 142 1 0
1136 225 1144 230 1095 309 1087 304 1 0
1298 150 1303 154 1249 215 1245 211 1 0
1280 144 1284 148 1231 209 1227 205 1 0
1742 503 1749 507 1713 572 1707 568 1 0
1221 635 1231 639 1206 709 1196 706 1 0
1488 587 1495 592 1451 648 1444 643 1 0
675 493 686 496 666 591 655 589 1 0
1054 227 1066 233 1025 319 1013 313 1 0
187 257 198 259 180 349 168 346 2 0
240 159 258 164 227 268 209 263 2 0
247 18 266 23 245 114 226 109 2 0
485 56 502 66 452 154 436 144 2 0
386 93 415 106 381 186 352 173 2 0
503 170 530 196 468 261 441 236 2 0
448 410 475 410 475 517 448 517 2 0
498 402 525 408 499 521 472 515 2 0
360 506 382 512 360 586 339 579 2 0
175 458 201 472 155 556 129 542 2 0
153 597 196 603 178 728 136 722 3 0
348 638 368 640 361 735 341 734 2 0
278 746 294 747 286 829 271 827 2 0
186 836 216 845 191 930 162 922 2 0
524 535 542 536 535 638 517 636 2 0
639 428 612 439 581 366 608 355 2 0
765 169 781 174 746 271 731 266 2 0
734 90 688 160 670 149 715 78 2 0
613 46 633 57 585 144 565 133 2 0
977 15 992 24 951 94 935 85 2 0
874 137 892 141 863 240 846 235 2 0
883 283 904 284 898 373 878 371 2 0
921 395 932 399 906 482 895 479 2 0
810 448 834 454 810 541 787 535 2 0
716 611 689 677 671 670 698 604 2 0
596 713 626 716 618 803 588 800 2 0
863 664 875 665 868 741 857 741 2 0
1030 509 1047 516 1011 603 994 596 2 0
954 580 977 592 938 676 914 665 2 0
649 864 685 894 631 958 595 927 2 0
529 858 549 864 524 942 505 936 2 0
756 975 768 980 735 1057 723 1052 2 0
892 981 913 989 878 1078 858 1069 2 0
850 1030 865 1037 845 1079 831 1072 2 0
995 881 1017 895 975 964 953 950 2 0
1060 699 1080 713 1032 778 1013 764 2 0
944 775 955 779 932 854 920 851 2 0
1151 953 1167 969 1102 1035 1086 1020 2 0
1265 883 1280 894 1227 967 1212 957 2 0
1381 822 1396 840 1332 890 1318 872 2 0
1325 1013 1312 1079 1284 1073 1298 1007 2 0
1520 962 1550 968 1532 1050 1503 1043 2 0
1742 741 1757 750 1723 812 1708 803 2 0
1695 602 1661 668 1642 658 1675 592 2 0
1649 588 1640 656 1621 653 1630 586 2 0
1397 544 1409 551 1364 628 1352 620 2 0
1295 544 1321 559 1275 640 1249 624 2 0
1452 462 1469 465 1453 543 1436 540 2 0
1700 386 1716 393 1690 452 1675 446 2 0
1515 343 1527 347 1506 415 1494 411 2 0
1371 360 1391 368 1359 445 1339 437 2 0
1598 222 1613 234 1565 293 1551 281 2 0
1512 122 1524 131 1485 181 1474 171 2 0
1413 108 1440 124 1398 194 1371 179 2 0
1305 1 1322 5 1298 94 1282 90 2 0
1238 97 1259 103 1235 196 1214 190 2 0
1121 97 1136 103 1105 177 1090 171 2 0
1584 41 1612 52 1585 117 1557 105 2 0
1636 732 1641 734 1613 793 1608 790 1 0
1625 723 1633 726 1613 785 1605 782 1 0
1651 857 1657 861 1623 918 1617 914 1 0
1643 847 1650 850 1619 914 1612 910 1 0
1641 914 1647 922 1608 955 1602 948 1 0
1433 32 1474 45 1454 108 1414 95 2 0
1655 232 1665 241 1606 311 1596 302 1 0
334 855 368 858 359 946 325 942 2 0
398 339 412 341 402 424 388 423 1 0
683 403 699 408 674 489 658 483 2 0
1033 327 1057 345 1007 413 984 395 2 0
1161 265 1189 273 1166 354 1138 346 2 0
303 49 316 53 289 139 277 135 1 0
236 512 275 520 254 621 215 614 3 0
760 328 788 348 734 426 706 406 3 0
824 562 850 577 809 650 783 636 2 0
1165 522 1217 541 1179 641 1127 622 3 0
732 701 755 703 746 795 722 792 3 0
769 843 846 843 846 917 769 917 3 0
498 1050 506 1056 487 1079 479 1073 1 0
1117 802 1150 824 1078 936 1045 915 3 0
1018 1016 1031 1019 1019 1079 1005 1077 1 0
1184 1078 1126 1078 1125 1048 1184 1048 3 0
1386 919 1436 931 1414 1026 1363 1014 3 0
1515 800 1544 841 1476 890 1446 850 3 0
1372 652 1389 669 1318 737 1302 720 3 0
1212 743 1245 761 1199 846 1166 827 3 0
1561 434 1609 440 1597 536 1549 530 4+ 0
1472 224 1413 307 1384 287 1442 203 3 0
1672 90 1710 106 1684 166 1646 150 2 0
1775 229 1733 273 1716 256 1758 212 2 0
1792 336 1809 350 1768 398 1751 384 2 0
1826 425 1787 457 1781 450 1819 417 1 0
1832 575 1842 584 1801 627 1791 617 1 0
251 985 264 985 259 1078 246 1077 1 0
273 993 292 996 277 1079 258 1076 1 0
