530 209 493 281 482 276 519 204 1 0
321 503 261 567 252 559 313 495 1 0
251 400 202 470 196 466 245 396 1 0
227 405 185 462 179 458 222 400 1 0
556 324 514 390 505 384 548 319 1 0
674 229 611 286 607 281 670 224 1 0
585 396 544 467 532 460 574 389 1 0
645 464 615 537 606 533 636 460 1 0
650 707 607 776 596 769 639 700 1 0
634 933 607 1028 597 1026 623 930 1 0
573 898 580 988 573 988 567 899 1 0
782 686 787 764 781 765 775 686 1 0
854 514 804 568 798 562 848 509 1 0
826 538 750 568 747 562 824 532 1 0
764 381 691 420 687 412 759 372 1 0
764 302 691 414 644 382 717 271 2 0
897 387 834 450 827 444 890 380 1 0
1034 270 988 359 979 354 1025 265 1 0
1178 603 1126 679 1117 672 1169 597 1 0
929 723 867 787 859 779 922 715 1 0
1072 725 1017 809 1002 799 1056 715 2 0
1071 842 1021 921 1010 913 1060 835 1 0
1166 968 1099 1036 1093 1029 1160 962 1 0
1303 806 1253 873 1246 867 1296 801 1 0
1258 650 1206 717 1199 711 1251 644 1 0
1164 7 1125 66 1117 61 1156 1 1 0
509 557 467 639 454 633 496 550 1 0
426 758 389 832 378 826 415 753 1 0
274 926 227 1006 218 1001 266 921 1 0
825 781 773 860 766 856 817 776 1 0
781 800 757 919 746 917 771 798 2 0
952 1019 922 1079 910 1073 941 1013 1 0
1038 362 989 435 979 428 1028 356 1 0
1388 6 1347 73 1338 68 1379 0 1 0
1380 203 1340 286 1330 282 1369 199 1 0
1371 466 1326 535 1317 530 1362 460 1 0
1513 512 1518 600 1509 601 1504 512 1 0
1661 450 1621 528 1610 523 1650 444 1 0
1493 148 1456 220 1446 214 1482 143 1 0
1540 234 1516 319 1497 314 1521 229 1 0
1186 1050 1162 1078 1151 1070 1175 1042 1 0
425 378 386 479 368 471 407 371 1 0
107 436 133 445 110 508 84 499 2 0
182 302 204 315 167 383 144 370 2 0
403 235 418 243 373 319 358 311 2 0
400 96 415 106 371 173 356 163 2 0
373 62 394 73 357 140 336 129 2 0
599 45 609 56 553 110 543 100 2 0
466 0 483 11 447 67 431 56 2 0
800 0 817 7 790 65 774 57 2 0
770 155 800 192 728 250 698 212 2 0
866 294 881 304 835 376 819 366 2 0
888 167 916 202 840 263 812 227 2 0
913 51 929 57 899 137 883 130 2 0
425 425 437 433 402 490 390 483 2 0
447 509 462 515 427 595 413 588 2 0
392 556 407 562 377 634 362 627 2 0
283 213 305 231 249 299 228 282 3 0
256 104 280 109 267 174 243 169 3 0
830 105 863 123 819 203 787 185 3 0
251 585 267 589 246 675 231 672 1 0
248 812 261 820 217 886 204 877 2 0
274 718 295 732 248 801 228 786 2 0
152 667 165 672 137 735 124 730 2 0
419 878 372 936 324 898 370 840 2 0
605 576 626 587 581 670 559 658 2 0
488 674 507 690 450 757 431 741 2 0
763 893 797 898 781 1006 748 1001 2 0
852 591 876 605 819 699 795 684 2 0
793 998 811 1005 782 1079 764 1072 2 0
698 1007 720 1011 707 1079 685 1075 2 0
544 1026 564 1035 544 1079 524 1071 2 0
293 965 313 974 267 1078 247 1070 2 0
440 955 464 967 417 1061 394 1049 3 0
522 805 552 820 508 907 478 891 3 0
389 733 312 734 311 624 388 624 2 0
989 445 1005 454 964 532 948 523 2 0
1036 455 1050 466 983 544 970 533 2 0
994 607 1014 612 994 690 974 685 2 0
1285 517 1302 530 1240 611 1224 598 2 0
1124 724 1244 724 1244 802 1124 802 2 0
1189 848 1212 862 1161 943 1138 929 2 0
1375 559 1394 564 1366 659 1347 653 2 0
1483 436 1495 445 1445 510 1433 501 2 0
1393 887 1405 891 1376 970 1364 965 2 0
1288 923 1311 938 1258 1016 1235 1000 2 0
1557 812 1579 821 1536 922 1515 912 2 0
1448 771 1471 775 1451 873 1428 869 2 0
1325 1051 1294 1083 1278 1068 1310 1036 2 0
939 848 964 862 909 957 885 943 3 0
975 895 989 902 938 998 925 992 2 0
1403 700 1414 703 1389 799 1378 797 1 0
1415 713 1429 717 1403 800 1390 796 1 0
1527 620 1569 637 1528 741 1487 725 3 0
1637 545 1666 555 1627 668 1598 657 3 0
1664 707 1697 721 1660 808 1627 793 2 0
1529 993 1538 997 1504 1077 1495 1074 1 0
1535 1005 1554 1014 1528 1078 1508 1070 2 0
1437 1033 1448 1037 1431 1079 1419 1074 1 0
1632 963 1644 968 1611 1048 1600 1044 2 0
1674 843 1689 849 1647 950 1632 944 2 0
1700 835 1737 851 1689 964 1652 948 3 0
1153 478 1192 501 1141 587 1103 564 3 0
1281 404 1307 417 1269 491 1243 478 2 0
1134 338 1153 351 1103 422 1085 409 2 0
1328 320 1341 331 1282 405 1268 394 2 0
1611 326 1639 335 1610 427 1582 419 2 0
1454 329 1469 329 1469 421 1454 421 1 0
1747 494 1783 513 1730 610 1694 590 2 0
1235 247 1250 254 1217 326 1202 320 2 0
1130 269 1146 280 1093 360 1077 349 2 0
1239 131 1259 144 1215 213 1196 201 2 0
1583 45 1606 53 1578 137 1555 130 2 0
1397 232 1448 232 1448 313 1397 313 2 0
1277 9 1290 18 1245 77 1232 68 2 0
1355 91 1363 96 1319 169 1311 165 1 0
1323 81 1346 90 1307 182 1284 173 2 0
1607 155 1647 180 1596 261 1556 235 3 0
1478 0 1493 7 1464 75 1449 68 2 0
1128 128 1166 152 1120 228 1082 205 3 0
1017 1053 1045 1053 1045 1079 1017 1079 2 0
1636 1 1657 6 1634 102 1614 98 2 0
1708 104 1727 110 1685 236 1667 229 2 0
1755 209 1801 241 1724 349 1679 316 2 0
1802 249 1812 256 1743 352 1733 346 1 0
1792 655 1805 663 1746 764 1733 756 2 0
1015 122 1032 134 980 209 963 198 2 0
1024 1 1044 12 1010 79 990 68 2 0
1827 622 1724 708 1715 697 1818 611 1 0
1830 474 1835 479 1766 550 1761 545 1 0
1788 370 1814 380 1763 505 1737 495 3 0
1719 167 1728 171 1665 285 1657 281 1 0
